{
 "cells": [
  {
   "cell_type": "markdown",
   "metadata": {},
   "source": [
    "## Settings"
   ]
  },
  {
   "cell_type": "code",
   "execution_count": 1,
   "metadata": {},
   "outputs": [],
   "source": [
    "import sys\n",
    "sys.path.insert(0, '..')\n",
    "\n",
    "import Functions as fxns\n",
    "\n",
    "from Functions import pd\n",
    "pd.set_option('display.max_columns', None)\n",
    "\n",
    "import numpy as np\n",
    "\n",
    "from sklearn.preprocessing import MinMaxScaler\n",
    "from sklearn.impute import KNNImputer\n",
    "from sklearn.model_selection import train_test_split\n",
    "\n",
    "from joblib import dump, load\n",
    "\n",
    "from datetime import date\n",
    "\n",
    "import plotly.express as px\n",
    "\n",
    "import matplotlib.pyplot as plt\n",
    "%matplotlib inline\n",
    "plt.style.use('dark_background')\n",
    "\n",
    "import seaborn as sns\n",
    "\n",
    "from imblearn import over_sampling"
   ]
  },
  {
   "cell_type": "markdown",
   "metadata": {},
   "source": [
    "## Import & Pre-Processing"
   ]
  },
  {
   "cell_type": "code",
   "execution_count": 2,
   "metadata": {},
   "outputs": [],
   "source": [
    "# fxns.merge_dfs()"
   ]
  },
  {
   "cell_type": "code",
   "execution_count": 3,
   "metadata": {},
   "outputs": [],
   "source": [
    "df = pd.read_csv('../data/kkbox_merged.csv', index_col='msno')"
   ]
  },
  {
   "cell_type": "code",
   "execution_count": 4,
   "metadata": {},
   "outputs": [],
   "source": [
    "# convert missing/junk ages to 0 for imputation later\n",
    "df.loc[df.bd <= 0, 'bd'] = np.nan\n",
    "df.loc[df.bd > 100, 'bd'] = np.nan"
   ]
  },
  {
   "cell_type": "code",
   "execution_count": 5,
   "metadata": {},
   "outputs": [],
   "source": [
    "# numerically encode gender\n",
    "df.loc[df.gender == 'female', 'gender'] = 1\n",
    "df.loc[df.gender == 'male', 'gender'] = 0\n",
    "\n",
    "# convert dtype from object to float for imputer\n",
    "df.gender = df.gender.astype(float)"
   ]
  },
  {
   "cell_type": "code",
   "execution_count": 6,
   "metadata": {},
   "outputs": [],
   "source": [
    "df = df.rename(columns={'gender': 'is_female',\n",
    "                        'date': 'listen_date'})"
   ]
  },
  {
   "cell_type": "markdown",
   "metadata": {},
   "source": [
    "### Imputation"
   ]
  },
  {
   "cell_type": "code",
   "execution_count": 7,
   "metadata": {},
   "outputs": [
    {
     "name": "stdout",
     "output_type": "stream",
     "text": [
      "Columns with missing values:\n",
      " bd           True\n",
      "is_female    True\n",
      "dtype: bool\n",
      "\n",
      "Percent missingness in bd column:\n",
      " 46.227529937758035\n",
      "\n",
      "Percent missingness in gender column:\n",
      " 46.23288792577401\n"
     ]
    }
   ],
   "source": [
    "# columns with missing values\n",
    "print('Columns with missing values:\\n', df.isna().any()[df.isna().any()])\n",
    "\n",
    "print('\\nPercent missingness in bd column:\\n',\n",
    "    (len(df.bd) - df.bd.value_counts().sum())\n",
    "     / len(df.bd) * 100)\n",
    "\n",
    "print('\\nPercent missingness in gender column:\\n',\n",
    "    (len(df.is_female) - df.is_female.value_counts().sum())\n",
    "     / len(df.is_female) * 100)"
   ]
  },
  {
   "cell_type": "code",
   "execution_count": 8,
   "metadata": {},
   "outputs": [],
   "source": [
    "# group df by user for imputing user age and gender\n",
    "df_by_msno = df.groupby('msno').mean()\n",
    "\n",
    "# KNN is distance-based so data must be temporarily scaled\n",
    "scaler = MinMaxScaler()\n",
    "scaler_fitted = scaler.fit(df_by_msno)\n",
    "scaled_df = pd.DataFrame(scaler_fitted.transform(df_by_msno),\n",
    "                         index=df_by_msno.index, columns=df_by_msno.columns)"
   ]
  },
  {
   "cell_type": "code",
   "execution_count": 9,
   "metadata": {},
   "outputs": [],
   "source": [
    "# # impute scaled user-grouped df\n",
    "# imputer = KNNImputer(n_neighbors=round(np.sqrt(len(df))))\n",
    "# imputed_array = imputer.fit_transform(scaled_df)\n",
    "# dump(imputed_array, '../data/imputed_array.pkl')\n",
    "\n",
    "# undo scaling\n",
    "imputed_array = load('../data/imputed_array.pkl')\n",
    "inverse_array = scaler_fitted.inverse_transform(imputed_array)\n",
    "imputed_df = \\\n",
    "    pd.DataFrame(inverse_array,\n",
    "                 index=df_by_msno.index, columns=df_by_msno.columns)"
   ]
  },
  {
   "cell_type": "code",
   "execution_count": 10,
   "metadata": {},
   "outputs": [],
   "source": [
    "# classify predictions as female or male using 50% threshold\n",
    "imputed_df.loc[imputed_df.is_female >= 0.5, 'is_female'] = 1\n",
    "imputed_df.loc[imputed_df.is_female < 0.5, 'is_female'] = 0"
   ]
  },
  {
   "cell_type": "code",
   "execution_count": 11,
   "metadata": {},
   "outputs": [],
   "source": [
    "# convert bd from float to int\n",
    "imputed_df.bd = imputed_df.bd.apply(lambda x: round(x))"
   ]
  },
  {
   "cell_type": "code",
   "execution_count": 12,
   "metadata": {},
   "outputs": [],
   "source": [
    "# merge imputed columns\n",
    "df = df.drop(['bd', 'is_female'], axis=1\n",
    "       ).merge(imputed_df[['bd', 'is_female']],\n",
    "         how='left', left_index=True, right_index=True)\n",
    "\n",
    "df = df[['is_churn', 'city', 'bd', 'is_female', 'registered_via',\n",
    "         'registration_init_time', 'payment_method_id',\n",
    "         'payment_plan_days', 'plan_list_price', 'actual_amount_paid',\n",
    "         'is_auto_renew', 'transaction_date', 'membership_expire_date',\n",
    "         'is_cancel', 'listen_date', 'num_25', 'num_50', 'num_75',\n",
    "         'num_985', 'num_100', 'num_unq', 'total_secs']]"
   ]
  },
  {
   "cell_type": "code",
   "execution_count": 13,
   "metadata": {},
   "outputs": [],
   "source": [
    "# change numeric cols that represent categorical data to object dtype\n",
    "for col in ['city', 'registered_via', 'payment_method_id']:\n",
    "    df[col] = df[col].astype(str)"
   ]
  },
  {
   "cell_type": "code",
   "execution_count": 14,
   "metadata": {},
   "outputs": [],
   "source": [
    "# change date cols to datetime dtype\n",
    "date_cols = ['registration_init_time', 'transaction_date',\n",
    "             'membership_expire_date', 'listen_date']\n",
    "\n",
    "df[date_cols] = \\\n",
    "    df[date_cols].apply(lambda x: pd.to_datetime(x, format='%Y%m%d'))"
   ]
  },
  {
   "cell_type": "markdown",
   "metadata": {},
   "source": [
    "## EDA"
   ]
  },
  {
   "cell_type": "markdown",
   "metadata": {},
   "source": [
    "### Correlation"
   ]
  },
  {
   "cell_type": "code",
   "execution_count": 65,
   "metadata": {},
   "outputs": [
    {
     "data": {
      "application/vnd.plotly.v1+json": {
       "config": {
        "plotlyServerURL": "https://plot.ly"
       },
       "data": [
        {
         "coloraxis": "coloraxis",
         "hovertemplate": "x: %{x}<br>y: %{y}<br>color: %{z}<extra></extra>",
         "type": "heatmap",
         "x": [
          "is_churn",
          "bd",
          "is_female",
          "payment_plan_days",
          "plan_list_price",
          "actual_amount_paid",
          "is_auto_renew",
          "is_cancel",
          "num_25",
          "num_50",
          "num_75",
          "num_985",
          "num_100",
          "num_unq",
          "total_secs"
         ],
         "y": [
          "is_churn",
          "bd",
          "is_female",
          "payment_plan_days",
          "plan_list_price",
          "actual_amount_paid",
          "is_auto_renew",
          "is_cancel",
          "num_25",
          "num_50",
          "num_75",
          "num_985",
          "num_100",
          "num_unq",
          "total_secs"
         ],
         "z": [
          [
           1,
           -0.089876099442823,
           -0.020231026792322734,
           0.4377671441674402,
           0.4171473986578111,
           0.41221201724931267,
           -0.3583455511601515,
           0.12953868021536646,
           0.014694393714512841,
           0.018661138172063902,
           0.02180961786813401,
           0.013331120186611355,
           -0.011497546963276513,
           -0.009465646722173222,
           -0.0104417667320587
          ],
          [
           -0.089876099442823,
           1,
           0.07956090594834746,
           -0.06934628045079297,
           -0.06735721822250859,
           -0.06567073531210019,
           0.3015573091761553,
           -0.0025973695437502254,
           -0.06960664760175633,
           -0.057983012454043255,
           -0.058838240908244493,
           -0.04377789994001315,
           0.02513622037371614,
           -0.0254808781779537,
           0.02150327701290838
          ],
          [
           -0.020231026792322734,
           0.07956090594834746,
           1,
           -0.0027902789818660383,
           0.012803189341107996,
           0.012735796067013515,
           0.06458831796553113,
           -0.0013884481782213429,
           -0.009259433453335,
           -0.009484977954910018,
           -0.017339063030753308,
           -0.015567444479494203,
           -0.02302417716325351,
           -0.020264697095421138,
           -0.025375995030630514
          ],
          [
           0.4377671441674402,
           -0.06934628045079297,
           -0.0027902789818660383,
           1,
           0.9607722544794752,
           0.9589580630043907,
           -0.3654679354863892,
           -0.020103691081362878,
           0.01380056774479824,
           0.014551934589324664,
           0.01209902660911838,
           0.006537598233445863,
           -0.00385587832549518,
           0.004782402276035782,
           -0.002330856167795142
          ],
          [
           0.4171473986578111,
           -0.06735721822250859,
           0.012803189341107996,
           0.9607722544794752,
           1,
           0.9970974264738004,
           -0.3800026427413368,
           -0.012679848342858232,
           0.01264412902430382,
           0.014619917065609658,
           0.013610430375177939,
           0.009664685797915705,
           0.0059200038699428635,
           0.01442010257746865,
           0.00804495396181124
          ],
          [
           0.41221201724931267,
           -0.06567073531210019,
           0.012735796067013515,
           0.9589580630043907,
           0.9970974264738004,
           1,
           -0.38076546347977147,
           -0.012337903932902223,
           0.013109997007701442,
           0.015004570857399828,
           0.013802139990126189,
           0.009511823209350737,
           0.006008920494090575,
           0.015109752077626189,
           0.00811661211009583
          ],
          [
           -0.3583455511601515,
           0.3015573091761553,
           0.06458831796553113,
           -0.3654679354863892,
           -0.3800026427413368,
           -0.38076546347977147,
           1,
           0.05565084705878339,
           -0.058650257925903504,
           -0.05425557389333616,
           -0.058750091467189076,
           -0.042588617105873944,
           -0.006321335544251482,
           -0.026304685135920138,
           -0.01090699084875471
          ],
          [
           0.12953868021536646,
           -0.0025973695437502254,
           -0.0013884481782213429,
           -0.020103691081362878,
           -0.012679848342858232,
           -0.012337903932902223,
           0.05565084705878339,
           1,
           -0.00419701937860574,
           -0.004039276044476568,
           -0.002011739972071459,
           0.0011036737629646976,
           -0.003862658312456823,
           -0.0011992227818664223,
           -0.002777846887225468
          ],
          [
           0.014694393714512841,
           -0.06960664760175633,
           -0.009259433453335,
           0.01380056774479824,
           0.01264412902430382,
           0.013109997007701442,
           -0.058650257925903504,
           -0.00419701937860574,
           1,
           0.4796589103692763,
           0.4361411611420831,
           0.2592663026968591,
           0.10431039164857255,
           0.4566429270856807,
           0.15397152838420403
          ],
          [
           0.018661138172063902,
           -0.057983012454043255,
           -0.009484977954910018,
           0.014551934589324664,
           0.014619917065609658,
           0.015004570857399828,
           -0.05425557389333616,
           -0.004039276044476568,
           0.4796589103692763,
           1,
           0.6093927153516879,
           0.2575039314828971,
           0.08822750524748375,
           0.3416796276800192,
           0.1563810622435235
          ],
          [
           0.02180961786813401,
           -0.058838240908244493,
           -0.017339063030753308,
           0.01209902660911838,
           0.013610430375177939,
           0.013802139990126189,
           -0.058750091467189076,
           -0.002011739972071459,
           0.4361411611420831,
           0.6093927153516879,
           1,
           0.3415226105529444,
           0.13766251883668532,
           0.33974809252077376,
           0.20716817161505613
          ],
          [
           0.013331120186611355,
           -0.04377789994001315,
           -0.015567444479494203,
           0.006537598233445863,
           0.009664685797915705,
           0.009511823209350737,
           -0.042588617105873944,
           0.0011036737629646976,
           0.2592663026968591,
           0.2575039314828971,
           0.3415226105529444,
           1,
           0.13755550886577492,
           0.28590870646697597,
           0.21722893058977186
          ],
          [
           -0.011497546963276513,
           0.02513622037371614,
           -0.02302417716325351,
           -0.00385587832549518,
           0.0059200038699428635,
           0.006008920494090575,
           -0.006321335544251482,
           -0.003862658312456823,
           0.10431039164857255,
           0.08822750524748375,
           0.13766251883668532,
           0.13755550886577492,
           1,
           0.7607557857134475,
           0.9798193376543252
          ],
          [
           -0.009465646722173222,
           -0.0254808781779537,
           -0.020264697095421138,
           0.004782402276035782,
           0.01442010257746865,
           0.015109752077626189,
           -0.026304685135920138,
           -0.0011992227818664223,
           0.4566429270856807,
           0.3416796276800192,
           0.33974809252077376,
           0.28590870646697597,
           0.7607557857134475,
           1,
           0.799051519039723
          ],
          [
           -0.0104417667320587,
           0.02150327701290838,
           -0.025375995030630514,
           -0.002330856167795142,
           0.00804495396181124,
           0.00811661211009583,
           -0.01090699084875471,
           -0.002777846887225468,
           0.15397152838420403,
           0.1563810622435235,
           0.20716817161505613,
           0.21722893058977186,
           0.9798193376543252,
           0.799051519039723,
           1
          ]
         ]
        }
       ],
       "layout": {
        "coloraxis": {
         "colorscale": [
          [
           0,
           "#0d0887"
          ],
          [
           0.1111111111111111,
           "#46039f"
          ],
          [
           0.2222222222222222,
           "#7201a8"
          ],
          [
           0.3333333333333333,
           "#9c179e"
          ],
          [
           0.4444444444444444,
           "#bd3786"
          ],
          [
           0.5555555555555556,
           "#d8576b"
          ],
          [
           0.6666666666666666,
           "#ed7953"
          ],
          [
           0.7777777777777778,
           "#fb9f3a"
          ],
          [
           0.8888888888888888,
           "#fdca26"
          ],
          [
           1,
           "#f0f921"
          ]
         ]
        },
        "margin": {
         "t": 60
        },
        "template": {
         "data": {
          "bar": [
           {
            "error_x": {
             "color": "#2a3f5f"
            },
            "error_y": {
             "color": "#2a3f5f"
            },
            "marker": {
             "line": {
              "color": "#E5ECF6",
              "width": 0.5
             }
            },
            "type": "bar"
           }
          ],
          "barpolar": [
           {
            "marker": {
             "line": {
              "color": "#E5ECF6",
              "width": 0.5
             }
            },
            "type": "barpolar"
           }
          ],
          "carpet": [
           {
            "aaxis": {
             "endlinecolor": "#2a3f5f",
             "gridcolor": "white",
             "linecolor": "white",
             "minorgridcolor": "white",
             "startlinecolor": "#2a3f5f"
            },
            "baxis": {
             "endlinecolor": "#2a3f5f",
             "gridcolor": "white",
             "linecolor": "white",
             "minorgridcolor": "white",
             "startlinecolor": "#2a3f5f"
            },
            "type": "carpet"
           }
          ],
          "choropleth": [
           {
            "colorbar": {
             "outlinewidth": 0,
             "ticks": ""
            },
            "type": "choropleth"
           }
          ],
          "contour": [
           {
            "colorbar": {
             "outlinewidth": 0,
             "ticks": ""
            },
            "colorscale": [
             [
              0,
              "#0d0887"
             ],
             [
              0.1111111111111111,
              "#46039f"
             ],
             [
              0.2222222222222222,
              "#7201a8"
             ],
             [
              0.3333333333333333,
              "#9c179e"
             ],
             [
              0.4444444444444444,
              "#bd3786"
             ],
             [
              0.5555555555555556,
              "#d8576b"
             ],
             [
              0.6666666666666666,
              "#ed7953"
             ],
             [
              0.7777777777777778,
              "#fb9f3a"
             ],
             [
              0.8888888888888888,
              "#fdca26"
             ],
             [
              1,
              "#f0f921"
             ]
            ],
            "type": "contour"
           }
          ],
          "contourcarpet": [
           {
            "colorbar": {
             "outlinewidth": 0,
             "ticks": ""
            },
            "type": "contourcarpet"
           }
          ],
          "heatmap": [
           {
            "colorbar": {
             "outlinewidth": 0,
             "ticks": ""
            },
            "colorscale": [
             [
              0,
              "#0d0887"
             ],
             [
              0.1111111111111111,
              "#46039f"
             ],
             [
              0.2222222222222222,
              "#7201a8"
             ],
             [
              0.3333333333333333,
              "#9c179e"
             ],
             [
              0.4444444444444444,
              "#bd3786"
             ],
             [
              0.5555555555555556,
              "#d8576b"
             ],
             [
              0.6666666666666666,
              "#ed7953"
             ],
             [
              0.7777777777777778,
              "#fb9f3a"
             ],
             [
              0.8888888888888888,
              "#fdca26"
             ],
             [
              1,
              "#f0f921"
             ]
            ],
            "type": "heatmap"
           }
          ],
          "heatmapgl": [
           {
            "colorbar": {
             "outlinewidth": 0,
             "ticks": ""
            },
            "colorscale": [
             [
              0,
              "#0d0887"
             ],
             [
              0.1111111111111111,
              "#46039f"
             ],
             [
              0.2222222222222222,
              "#7201a8"
             ],
             [
              0.3333333333333333,
              "#9c179e"
             ],
             [
              0.4444444444444444,
              "#bd3786"
             ],
             [
              0.5555555555555556,
              "#d8576b"
             ],
             [
              0.6666666666666666,
              "#ed7953"
             ],
             [
              0.7777777777777778,
              "#fb9f3a"
             ],
             [
              0.8888888888888888,
              "#fdca26"
             ],
             [
              1,
              "#f0f921"
             ]
            ],
            "type": "heatmapgl"
           }
          ],
          "histogram": [
           {
            "marker": {
             "colorbar": {
              "outlinewidth": 0,
              "ticks": ""
             }
            },
            "type": "histogram"
           }
          ],
          "histogram2d": [
           {
            "colorbar": {
             "outlinewidth": 0,
             "ticks": ""
            },
            "colorscale": [
             [
              0,
              "#0d0887"
             ],
             [
              0.1111111111111111,
              "#46039f"
             ],
             [
              0.2222222222222222,
              "#7201a8"
             ],
             [
              0.3333333333333333,
              "#9c179e"
             ],
             [
              0.4444444444444444,
              "#bd3786"
             ],
             [
              0.5555555555555556,
              "#d8576b"
             ],
             [
              0.6666666666666666,
              "#ed7953"
             ],
             [
              0.7777777777777778,
              "#fb9f3a"
             ],
             [
              0.8888888888888888,
              "#fdca26"
             ],
             [
              1,
              "#f0f921"
             ]
            ],
            "type": "histogram2d"
           }
          ],
          "histogram2dcontour": [
           {
            "colorbar": {
             "outlinewidth": 0,
             "ticks": ""
            },
            "colorscale": [
             [
              0,
              "#0d0887"
             ],
             [
              0.1111111111111111,
              "#46039f"
             ],
             [
              0.2222222222222222,
              "#7201a8"
             ],
             [
              0.3333333333333333,
              "#9c179e"
             ],
             [
              0.4444444444444444,
              "#bd3786"
             ],
             [
              0.5555555555555556,
              "#d8576b"
             ],
             [
              0.6666666666666666,
              "#ed7953"
             ],
             [
              0.7777777777777778,
              "#fb9f3a"
             ],
             [
              0.8888888888888888,
              "#fdca26"
             ],
             [
              1,
              "#f0f921"
             ]
            ],
            "type": "histogram2dcontour"
           }
          ],
          "mesh3d": [
           {
            "colorbar": {
             "outlinewidth": 0,
             "ticks": ""
            },
            "type": "mesh3d"
           }
          ],
          "parcoords": [
           {
            "line": {
             "colorbar": {
              "outlinewidth": 0,
              "ticks": ""
             }
            },
            "type": "parcoords"
           }
          ],
          "pie": [
           {
            "automargin": true,
            "type": "pie"
           }
          ],
          "scatter": [
           {
            "marker": {
             "colorbar": {
              "outlinewidth": 0,
              "ticks": ""
             }
            },
            "type": "scatter"
           }
          ],
          "scatter3d": [
           {
            "line": {
             "colorbar": {
              "outlinewidth": 0,
              "ticks": ""
             }
            },
            "marker": {
             "colorbar": {
              "outlinewidth": 0,
              "ticks": ""
             }
            },
            "type": "scatter3d"
           }
          ],
          "scattercarpet": [
           {
            "marker": {
             "colorbar": {
              "outlinewidth": 0,
              "ticks": ""
             }
            },
            "type": "scattercarpet"
           }
          ],
          "scattergeo": [
           {
            "marker": {
             "colorbar": {
              "outlinewidth": 0,
              "ticks": ""
             }
            },
            "type": "scattergeo"
           }
          ],
          "scattergl": [
           {
            "marker": {
             "colorbar": {
              "outlinewidth": 0,
              "ticks": ""
             }
            },
            "type": "scattergl"
           }
          ],
          "scattermapbox": [
           {
            "marker": {
             "colorbar": {
              "outlinewidth": 0,
              "ticks": ""
             }
            },
            "type": "scattermapbox"
           }
          ],
          "scatterpolar": [
           {
            "marker": {
             "colorbar": {
              "outlinewidth": 0,
              "ticks": ""
             }
            },
            "type": "scatterpolar"
           }
          ],
          "scatterpolargl": [
           {
            "marker": {
             "colorbar": {
              "outlinewidth": 0,
              "ticks": ""
             }
            },
            "type": "scatterpolargl"
           }
          ],
          "scatterternary": [
           {
            "marker": {
             "colorbar": {
              "outlinewidth": 0,
              "ticks": ""
             }
            },
            "type": "scatterternary"
           }
          ],
          "surface": [
           {
            "colorbar": {
             "outlinewidth": 0,
             "ticks": ""
            },
            "colorscale": [
             [
              0,
              "#0d0887"
             ],
             [
              0.1111111111111111,
              "#46039f"
             ],
             [
              0.2222222222222222,
              "#7201a8"
             ],
             [
              0.3333333333333333,
              "#9c179e"
             ],
             [
              0.4444444444444444,
              "#bd3786"
             ],
             [
              0.5555555555555556,
              "#d8576b"
             ],
             [
              0.6666666666666666,
              "#ed7953"
             ],
             [
              0.7777777777777778,
              "#fb9f3a"
             ],
             [
              0.8888888888888888,
              "#fdca26"
             ],
             [
              1,
              "#f0f921"
             ]
            ],
            "type": "surface"
           }
          ],
          "table": [
           {
            "cells": {
             "fill": {
              "color": "#EBF0F8"
             },
             "line": {
              "color": "white"
             }
            },
            "header": {
             "fill": {
              "color": "#C8D4E3"
             },
             "line": {
              "color": "white"
             }
            },
            "type": "table"
           }
          ]
         },
         "layout": {
          "annotationdefaults": {
           "arrowcolor": "#2a3f5f",
           "arrowhead": 0,
           "arrowwidth": 1
          },
          "coloraxis": {
           "colorbar": {
            "outlinewidth": 0,
            "ticks": ""
           }
          },
          "colorscale": {
           "diverging": [
            [
             0,
             "#8e0152"
            ],
            [
             0.1,
             "#c51b7d"
            ],
            [
             0.2,
             "#de77ae"
            ],
            [
             0.3,
             "#f1b6da"
            ],
            [
             0.4,
             "#fde0ef"
            ],
            [
             0.5,
             "#f7f7f7"
            ],
            [
             0.6,
             "#e6f5d0"
            ],
            [
             0.7,
             "#b8e186"
            ],
            [
             0.8,
             "#7fbc41"
            ],
            [
             0.9,
             "#4d9221"
            ],
            [
             1,
             "#276419"
            ]
           ],
           "sequential": [
            [
             0,
             "#0d0887"
            ],
            [
             0.1111111111111111,
             "#46039f"
            ],
            [
             0.2222222222222222,
             "#7201a8"
            ],
            [
             0.3333333333333333,
             "#9c179e"
            ],
            [
             0.4444444444444444,
             "#bd3786"
            ],
            [
             0.5555555555555556,
             "#d8576b"
            ],
            [
             0.6666666666666666,
             "#ed7953"
            ],
            [
             0.7777777777777778,
             "#fb9f3a"
            ],
            [
             0.8888888888888888,
             "#fdca26"
            ],
            [
             1,
             "#f0f921"
            ]
           ],
           "sequentialminus": [
            [
             0,
             "#0d0887"
            ],
            [
             0.1111111111111111,
             "#46039f"
            ],
            [
             0.2222222222222222,
             "#7201a8"
            ],
            [
             0.3333333333333333,
             "#9c179e"
            ],
            [
             0.4444444444444444,
             "#bd3786"
            ],
            [
             0.5555555555555556,
             "#d8576b"
            ],
            [
             0.6666666666666666,
             "#ed7953"
            ],
            [
             0.7777777777777778,
             "#fb9f3a"
            ],
            [
             0.8888888888888888,
             "#fdca26"
            ],
            [
             1,
             "#f0f921"
            ]
           ]
          },
          "colorway": [
           "#636efa",
           "#EF553B",
           "#00cc96",
           "#ab63fa",
           "#FFA15A",
           "#19d3f3",
           "#FF6692",
           "#B6E880",
           "#FF97FF",
           "#FECB52"
          ],
          "font": {
           "color": "#2a3f5f"
          },
          "geo": {
           "bgcolor": "white",
           "lakecolor": "white",
           "landcolor": "#E5ECF6",
           "showlakes": true,
           "showland": true,
           "subunitcolor": "white"
          },
          "hoverlabel": {
           "align": "left"
          },
          "hovermode": "closest",
          "mapbox": {
           "style": "light"
          },
          "paper_bgcolor": "white",
          "plot_bgcolor": "#E5ECF6",
          "polar": {
           "angularaxis": {
            "gridcolor": "white",
            "linecolor": "white",
            "ticks": ""
           },
           "bgcolor": "#E5ECF6",
           "radialaxis": {
            "gridcolor": "white",
            "linecolor": "white",
            "ticks": ""
           }
          },
          "scene": {
           "xaxis": {
            "backgroundcolor": "#E5ECF6",
            "gridcolor": "white",
            "gridwidth": 2,
            "linecolor": "white",
            "showbackground": true,
            "ticks": "",
            "zerolinecolor": "white"
           },
           "yaxis": {
            "backgroundcolor": "#E5ECF6",
            "gridcolor": "white",
            "gridwidth": 2,
            "linecolor": "white",
            "showbackground": true,
            "ticks": "",
            "zerolinecolor": "white"
           },
           "zaxis": {
            "backgroundcolor": "#E5ECF6",
            "gridcolor": "white",
            "gridwidth": 2,
            "linecolor": "white",
            "showbackground": true,
            "ticks": "",
            "zerolinecolor": "white"
           }
          },
          "shapedefaults": {
           "line": {
            "color": "#2a3f5f"
           }
          },
          "ternary": {
           "aaxis": {
            "gridcolor": "white",
            "linecolor": "white",
            "ticks": ""
           },
           "baxis": {
            "gridcolor": "white",
            "linecolor": "white",
            "ticks": ""
           },
           "bgcolor": "#E5ECF6",
           "caxis": {
            "gridcolor": "white",
            "linecolor": "white",
            "ticks": ""
           }
          },
          "title": {
           "x": 0.05
          },
          "xaxis": {
           "automargin": true,
           "gridcolor": "white",
           "linecolor": "white",
           "ticks": "",
           "title": {
            "standoff": 15
           },
           "zerolinecolor": "white",
           "zerolinewidth": 2
          },
          "yaxis": {
           "automargin": true,
           "gridcolor": "white",
           "linecolor": "white",
           "ticks": "",
           "title": {
            "standoff": 15
           },
           "zerolinecolor": "white",
           "zerolinewidth": 2
          }
         }
        },
        "xaxis": {
         "constrain": "domain",
         "scaleanchor": "y"
        },
        "yaxis": {
         "autorange": "reversed",
         "constrain": "domain"
        }
       }
      },
      "text/html": [
       "<div>\n",
       "        \n",
       "        \n",
       "            <div id=\"85f0f93f-b581-4e42-af0c-de3fc8d18f7a\" class=\"plotly-graph-div\" style=\"height:525px; width:100%;\"></div>\n",
       "            <script type=\"text/javascript\">\n",
       "                require([\"plotly\"], function(Plotly) {\n",
       "                    window.PLOTLYENV=window.PLOTLYENV || {};\n",
       "                    \n",
       "                if (document.getElementById(\"85f0f93f-b581-4e42-af0c-de3fc8d18f7a\")) {\n",
       "                    Plotly.newPlot(\n",
       "                        '85f0f93f-b581-4e42-af0c-de3fc8d18f7a',\n",
